POLYGON((6921 1340, 7671 1340, 7671 140, 6921 140, 6921 1340))
POLYGON((7144 -541, 7594 -541, 7594 -2341, 7144 -2341, 7144 -541))
POLYGON((5262 -4669, 7362 -4669, 7362 -5669, 5262 -5669, 5262 -4669))
POLYGON((2834 -5438, 3614 -5438, 3614 -5838, 2834 -5838, 2834 -5438))
POLYGON((1943 -3111, 2943 -3111, 2943 -4111, 1943 -4111, 1943 -3111))
POLYGON((2854 -2726, 3314 -2726, 3314 -3086, 2854 -3086, 2854 -2726))
POLYGON((689 1462, 1139 1462, 1139 562, 689 562, 689 1462))
POLYGON((-1192 -1350, -442 -1350, -442 -2700, -1192 -2700, -1192 -1350))
POLYGON((-1192 -2888, -442 -2888, -442 -3638, -1192 -3638, -1192 -2888))
POLYGON((790 -682, 1260 -682, 1260 -1152, 790 -1152, 790 -682))
